0.1125,0.0000,1.7827
0.1038,0.0000,2.1903
0.1068,0.0000,2.6045
0.1240,0.0000,3.0017
0.1173,0.0000,3.3842
0.0745,0.0000,3.7932
0.0773,0.0000,4.1936
0.2028,0.0000,4.5901
0.2653,0.0000,4.9577
0.1470,0.0000,5.4048
0.0794,0.0000,5.8137
0.2162,0.0000,6.2079
0.3398,0.0000,6.5585
0.2347,0.0000,6.9989
0.0849,0.0000,7.4309
0.1195,0.0000,7.8295
0.3137,0.0000,8.1819
0.3312,0.0000,8.5637
0.1534,0.0000,9.0236
0.0701,0.0000,9.4260
0.1963,0.0000,9.8216
0.3465,0.0000,10.1529
0.2693,0.0000,10.5858
0.0881,0.0000,11.0352
0.0881,0.0000,11.4378
0.2974,0.0000,11.8087
0.4349,0.0000,12.1637
0.4392,0.0000,12.5761
0.3185,0.0000,13.0233
0.1190,0.0000,13.4674
0.0173,0.0000,13.8718
0.0442,0.0000,14.2605
0.2379,0.0000,14.6169
0.4515,0.0000,14.9425
0.5114,0.0000,15.3202
0.4588,0.0000,15.7569
0.2774,0.0000,16.2305
0.0481,0.0000,16.6997
0.0775,0.0000,17.0978
0.3208,0.0000,17.4484
0.4244,0.0000,17.7788
0.2732,0.0000,18.2491
0.0438,0.0000,18.7029
0.1118,0.0000,19.1085
0.3532,0.0000,19.4343
0.3445,0.0000,19.8318
0.0856,0.0000,20.3079
0.0316,0.0000,20.7067
0.2624,0.0000,21.0708
0.3353,0.0000,21.4233
0.1256,0.0000,21.9030
0.0153,0.0000,22.3031
0.1472,0.0000,22.6980
0.3572,0.0000,23.0293
0.4812,0.0000,23.4045
0.5069,0.0000,23.8314
0.4353,0.0000,24.2810
0.2822,0.0000,24.7296
0.1239,0.0000,25.1684
0.0681,0.0000,25.5913
0.1430,0.0000,25.9750
0.3806,0.0000,26.2845
0.3716,0.0000,26.6659
0.2050,0.0000,27.1268
0.0637,0.0000,27.5664
0.0404,0.0000,27.9688
0.1297,0.0000,28.3464
0.2973,0.0000,28.6843
0.4136,0.0000,29.0199
0.3997,0.0000,29.4206
0.3130,0.0000,29.8718
0.2009,0.0000,30.3167
0.0988,0.0000,30.7476
0.0457,0.0000,31.1564
0.0375,0.0000,31.5608
0.0678,0.0000,31.9601
0.1350,0.0000,32.3529
0.2396,0.0000,32.7338
0.3630,0.0000,33.1043
0.4255,0.0000,33.4866
0.4300,0.0000,33.8913
0.3894,0.0000,34.3128
0.2776,0.0000,34.7614
0.1375,0.0000,35.2140
0.0470,0.0000,35.6297
0.0226,0.0000,36.0342
0.0939,0.0000,36.4288
0.2565,0.0000,36.8041
0.3758,0.0000,37.1713
0.4295,0.0000,37.5582
0.4323,0.0000,37.9655
0.4178,0.0000,38.3859
0.3948,0.0000,38.8168
0.3403,0.0000,39.2543
0.2436,0.0000,39.6849
0.1215,0.0000,40.0954
0.0687,0.0000,40.5319
0.1376,0.0000,40.8827
0.2792,0.0000,41.2048
0.3578,0.0000,41.5566
0.2750,0.0000,42.0237
0.0820,0.0000,42.5023
0.0282,0.0000,42.9098
0.1811,0.0000,43.2808
0.3603,0.0000,43.5969
0.3054,0.0000,44.0200
0.1178,0.0000,44.4901
0.0778,0.0000,44.8974
0.2513,0.0000,45.2382
0.3441,0.0000,45.5889
0.2183,0.0000,46.0439
0.0404,0.0000,46.4911
0.0543,0.0000,46.9130
0.2257,0.0000,47.2888
0.4363,0.0000,47.6000
0.5262,0.0000,47.9454
0.3640,0.0000,48.4416
0.0995,0.0000,48.9203
0.0682,0.0000,49.3303
0.3043,0.0000,49.6625
0.4076,0.0000,49.9893
0.2649,0.0000,50.4634
0.1003,0.0000,50.9025
0.1090,0.0000,51.3080
0.2717,0.0000,51.6681
0.3781,0.0000,52.0106
0.3781,0.0000,52.3933
0.2728,0.0000,52.8651
0.1196,0.0000,53.3296
0.0246,0.0000,53.7549
0.0086,0.0000,54.1590
0.0781,0.0000,54.5505
0.3035,0.0000,54.8886
0.3960,0.0000,55.2484
0.2589,0.0000,55.7324
0.0576,0.0000,56.1955
0.0761,0.0000,56.6018
0.2691,0.0000,56.9459
0.4206,0.0000,57.2790
0.3104,0.0000,57.7190
0.1140,0.0000,58.1779
-0.0394,0.0000,58.6178
-0.0436,0.0000,59.0363
0.0902,0.0000,59.4200
0.2837,0.0000,59.7559
0.3806,0.0000,60.0942
0.3647,0.0000,60.4998
0.2719,0.0000,60.9536
0.1190,0.0000,61.4116
0.0589,0.0000,61.8138
0.1196,0.0000,62.2146
0.2722,0.0000,62.5728
0.3904,0.0000,62.9191
0.4308,0.0000,63.3000
0.4154,0.0000,63.7361
0.3060,0.0000,64.2015
0.1420,0.0000,64.6255
0.0413,0.0000,65.0320
-0.0060,0.0000,65.4347
0.0194,0.0000,65.8371
0.1411,0.0000,66.2155
0.3134,0.0000,66.5501
0.4293,0.0000,66.8733
0.4692,0.0000,67.2431
0.4525,0.0000,67.6773
0.3724,0.0000,68.1485
0.2672,0.0000,68.6064
0.1559,0.0000,69.0486
0.0881,0.0000,69.4539
0.0507,0.0000,69.8596
0.0344,0.0000,70.2632
0.0367,0.0000,70.6657
0.0475,0.0000,71.0690
0.0527,0.0000,71.4740
0.0531,0.0000,71.8767
0.0555,0.0000,72.2822
0.0765,0.0000,72.6789
0.1624,0.0000,73.0644
0.2924,0.0000,73.4138
0.3044,0.0000,73.8150
0.1662,0.0000,74.2783
0.0521,0.0000,74.7164
0.0974,0.0000,75.1141
0.2621,0.0000,75.4659
0.3999,0.0000,75.7904
0.2942,0.0000,76.2227
0.1118,0.0000,76.6842
0.0486,0.0000,77.1166
0.1665,0.0000,77.5039
0.3661,0.0000,77.8170
0.4585,0.0000,78.1655
0.4045,0.0000,78.6204
0.2355,0.0000,79.1162
0.0568,0.0000,79.5682
0.1128,0.0000,79.9633
0.3619,0.0000,80.2740
0.3654,0.0000,80.6546
0.1442,0.0000,81.1442
0.0484,0.0000,81.5678
0.2096,0.0000,81.9346
0.4039,0.0000,82.2402
0.3308,0.0000,82.6767
0.1029,0.0000,83.1520
0.0495,0.0000,83.5678
0.2540,0.0000,83.9193
0.3808,0.0000,84.2485
0.2255,0.0000,84.7261
0.0754,0.0000,85.1798
0.1614,0.0000,85.5579
0.3695,0.0000,85.8507
0.3116,0.0000,86.2750
0.1029,0.0000,86.7480
0.0410,0.0000,87.1662
0.2515,0.0000,87.5107
0.4494,0.0000,87.7973
0.3857,0.0000,88.2470
0.2002,0.0000,88.7398
0.0740,0.0000,89.1779
0.2007,0.0000,89.5680
0.4203,0.0000,89.8478
0.4693,0.0000,90.2043
0.4066,0.0000,90.6732
0.2473,0.0000,91.1722
0.0666,0.0000,91.6214
0.1258,0.0000,92.0431
0.3508,0.0000,92.3809
0.4825,0.0000,92.7106
0.4889,0.0000,93.1038
0.3180,0.0000,93.5927
0.0924,0.0000,94.0665
0.0922,0.0000,94.4767
0.2695,0.0000,94.8254
0.4840,0.0000,95.1346
0.5315,0.0000,95.5094
0.4802,0.0000,95.9683
0.3495,0.0000,96.4255
0.1458,0.0000,96.8747
0.1033,0.0000,97.2913
0.3184,0.0000,97.6306
0.4311,0.0000,97.9584
0.2749,0.0000,98.4150
0.0412,0.0000,98.8876
-0.0619,0.0000,99.3082
-0.0579,0.0000,99.7235
0.0062,0.0000,100.1279
0.1257,0.0000,100.5193
0.2731,0.0000,100.8905
0.3888,0.0000,101.2401
0.4472,0.0000,101.5885
0.4661,0.0000,101.9593
0.4721,0.0000,102.3458
0.4725,0.0000,102.7559
0.4648,0.0000,103.1657
0.4398,0.0000,103.5901
0.3956,0.0000,104.0251
0.3244,0.0000,104.4623
0.2387,0.0000,104.8996
0.1283,0.0000,105.3354
0.0267,0.0000,105.7481
0.0726,0.0000,106.1442
0.2672,0.0000,106.4957
0.4132,0.0000,106.8472
0.4030,0.0000,107.2514
0.2913,0.0000,107.7019
0.1425,0.0000,108.1382
0.0614,0.0000,108.5490
0.1553,0.0000,108.9373
0.2932,0.0000,109.2873
0.3720,0.0000,109.6518
0.4031,0.0000,110.0383
0.3926,0.0000,110.4559
0.3077,0.0000,110.9190
0.1984,0.0000,111.3663
0.1103,0.0000,111.7816
0.0597,0.0000,112.1717
0.0664,0.0000,112.5530
0.1283,0.0000,112.9373
0.2047,0.0000,113.3197
0.2712,0.0000,113.7003
0.3200,0.0000,114.0868
0.3452,0.0000,114.4831
0.3587,0.0000,114.8860
0.3583,0.0000,115.2991
0.3447,0.0000,115.7182
0.2970,0.0000,116.1424
0.1696,0.0000,116.5917
0.0238,0.0000,117.0287
-0.0098,0.0000,117.4172
0.0358,0.0000,117.8111
0.1733,0.0000,118.1813
0.3416,0.0000,118.5239
0.4925,0.0000,118.8678
0.5530,0.0000,119.2219
0.5537,0.0000,119.6337
0.4943,0.0000,120.0920
0.4057,0.0000,120.5526
0.2987,0.0000,121.0217
0.1770,0.0000,121.4599
0.0682,0.0000,121.8835
0.0508,0.0000,122.2919
0.2028,0.0000,122.6901
0.3736,0.0000,123.0432
0.3323,0.0000,123.4724
0.1789,0.0000,123.9456
0.0682,0.0000,124.3788
0.0344,0.0000,124.7927
0.0154,0.0000,125.2117
0.0033,0.0000,125.6110
0.0205,0.0000,125.9901
0.1272,0.0000,126.3692
0.2864,0.0000,126.7319
0.4360,0.0000,127.0785
0.5338,0.0000,127.4395
0.5394,0.0000,127.8543
0.4234,0.0000,128.3145
0.2518,0.0000,128.7769
0.1091,0.0000,129.2177
0.0792,0.0000,129.6158
0.2242,0.0000,129.9814
0.3681,0.0000,130.3223
0.4527,0.0000,130.6564
0.4656,0.0000,131.0220
0.3802,0.0000,131.4693
0.2338,0.0000,131.9326
0.1218,0.0000,132.3672
0.0616,0.0000,132.7722
0.0761,0.0000,133.1706
0.1706,0.0000,133.5447
0.2887,0.0000,133.9084
0.3786,0.0000,134.2736
0.4158,0.0000,134.6629
0.4015,0.0000,135.0819
0.3341,0.0000,135.5253
0.2061,0.0000,135.9864
0.0727,0.0000,136.4309
0.0108,0.0000,136.8499
-0.0088,0.0000,137.2728
0.0238,0.0000,137.6800
0.1076,0.0000,138.0690
0.2209,0.0000,138.4316
0.3407,0.0000,138.7612
0.3717,0.0000,139.1299
0.2843,0.0000,139.5917
0.1797,0.0000,140.0365
0.1847,0.0000,140.4365
0.2952,0.0000,140.7905
0.3784,0.0000,141.1511
0.3306,0.0000,141.5802
0.2011,0.0000,142.0460
0.1781,0.0000,142.4636
0.2732,0.0000,142.8372
0.4144,0.0000,143.1634
0.4118,0.0000,143.5501
0.2616,0.0000,144.0160
0.0758,0.0000,144.4784
0.0433,0.0000,144.8987
0.2328,0.0000,145.2695
0.4090,0.0000,145.5658
0.2667,0.0000,146.0258
0.0658,0.0000,146.4930
0.1268,0.0000,146.8973
0.3708,0.0000,147.1932
0.3526,0.0000,147.5904
0.1309,0.0000,148.0796
0.0782,0.0000,148.5032
0.2585,0.0000,148.8501
0.4371,0.0000,149.1446
0.3596,0.0000,149.5920
0.1919,0.0000,150.0820
0.0691,0.0000,150.5233
0.1280,0.0000,150.9145
0.3086,0.0000,151.2560
0.4479,0.0000,151.5715
0.3381,0.0000,152.0368
0.1199,0.0000,152.5174
0.0978,0.0000,152.9253
0.3386,0.0000,153.2282
0.4624,0.0000,153.5135
0.2913,0.0000,154.0233
0.0988,0.0000,154.5002
0.0883,0.0000,154.9106
0.2991,0.0000,155.2381
0.4541,0.0000,155.5298
0.3693,0.0000,155.9985
0.1784,0.0000,156.4975
0.0322,0.0000,156.9513
0.1323,0.0000,157.3576
0.3668,0.0000,157.6614
0.4159,0.0000,158.0183
0.2842,0.0000,158.4893
0.0684,0.0000,158.9608
0.0796,0.0000,159.3626
0.3602,0.0000,159.6567
0.4297,0.0000,160.0094
0.3094,0.0000,160.4888
0.1237,0.0000,160.9570
0.0727,0.0000,161.3898
0.2545,0.0000,161.7465
0.4427,0.0000,162.0398
0.3224,0.0000,162.5134
0.1196,0.0000,162.9883
0.0756,0.0000,163.4320
0.2583,0.0000,163.7851
0.3822,0.0000,164.0990
0.2587,0.0000,164.5585
0.0779,0.0000,164.9984
0.0353,0.0000,165.4310
0.1814,0.0000,165.8193
0.3648,0.0000,166.1570
0.4786,0.0000,166.4973
0.4802,0.0000,166.9105
0.3437,0.0000,167.3935
0.1827,0.0000,167.8431
0.0672,0.0000,168.2569
-0.0010,0.0000,168.6559
0.0311,0.0000,169.0612
0.2028,0.0000,169.4194
0.3735,0.0000,169.7354
0.4772,0.0000,170.0542
0.4908,0.0000,170.4429
0.4268,0.0000,170.9060
0.3380,0.0000,171.3780
0.2367,0.0000,171.8275
0.1480,0.0000,172.2567
0.0770,0.0000,172.6755
0.0266,0.0000,173.0806
0.0044,0.0000,173.4792
-0.0049,0.0000,173.8793
-0.0011,0.0000,174.2772
0.0073,0.0000,174.6754
0.0711,0.0000,175.0724
0.2986,0.0000,175.3885
0.3810,0.0000,175.7230
0.2485,0.0000,176.1888
0.0651,0.0000,176.6622
0.0911,0.0000,177.0779
0.2853,0.0000,177.4326
0.4170,0.0000,177.7478
0.2935,0.0000,178.1990
0.0752,0.0000,178.6627
0.0757,0.0000,179.0750
0.2769,0.0000,179.4323
0.3965,0.0000,179.7498
0.2839,0.0000,180.2048
0.0990,0.0000,180.6774
0.0875,0.0000,181.0983
0.2820,0.0000,181.4567
0.3939,0.0000,181.7633
0.2678,0.0000,182.2002
0.1183,0.0000,182.6857
0.1651,0.0000,183.0791
0.3964,0.0000,183.3916
0.3493,0.0000,183.7936
0.1275,0.0000,184.2856
0.0575,0.0000,184.7216
0.2847,0.0000,185.0774
0.4790,0.0000,185.3671
0.3781,0.0000,185.8052
0.1861,0.0000,186.2972
0.0509,0.0000,186.7509
0.1250,0.0000,187.1636
0.3865,0.0000,187.4832
0.4924,0.0000,187.7919
0.3475,0.0000,188.2636
0.1465,0.0000,188.7500
0.0657,0.0000,189.1853
0.2143,0.0000,189.5606
0.4508,0.0000,189.8321
0.4299,0.0000,190.2282
0.2462,0.0000,190.7384
0.0648,0.0000,191.2060
0.0992,0.0000,191.6112
0.2959,0.0000,191.9713
0.4726,0.0000,192.2332
0.3922,0.0000,192.6442
0.2135,0.0000,193.1611
0.1005,0.0000,193.5848
0.1248,0.0000,193.9933
0.3006,0.0000,194.3806
0.4582,0.0000,194.7288
0.4735,0.0000,195.1129
0.2711,0.0000,195.5993
0.0974,0.0000,196.0350
0.1361,0.0000,196.4292
0.3591,0.0000,196.7722
0.4859,0.0000,197.1095
0.5120,0.0000,197.4977
0.4711,0.0000,197.9221
0.3595,0.0000,198.3604
0.1967,0.0000,198.8041
0.0694,0.0000,199.2208
0.0067,0.0000,199.6230
0.0376,0.0000,200.0246
0.1956,0.0000,200.4042
0.4054,0.0000,200.7437
0.5307,0.0000,201.0693
0.5809,0.0000,201.4203
0.5601,0.0000,201.8441
0.4659,0.0000,202.3319
0.3306,0.0000,202.8071
0.2124,0.0000,203.2532
0.1337,0.0000,203.6650
0.0782,0.0000,204.0757
0.0505,0.0000,204.4874
0.0353,0.0000,204.9009
0.0357,0.0000,205.3123
0.0364,0.0000,205.7238
0.0378,0.0000,206.1305
0.0372,0.0000,206.5374
0.0357,0.0000,206.9419
0.0351,0.0000,207.3460
0.1760,0.0000,207.7083
0.3218,0.0000,208.0208
0.2295,0.0000,208.4688
0.0761,0.0000,208.9402
0.1373,0.0000,209.3337
0.3203,0.0000,209.6567
0.2665,0.0000,210.0513
0.0916,0.0000,210.5150
0.0513,0.0000,210.9245
0.1750,0.0000,211.3125
0.3551,0.0000,211.6263
0.3398,0.0000,212.0085
0.1765,0.0000,212.4814
0.0853,0.0000,212.9072
0.3224,0.0000,213.2520
0.4302,0.0000,213.5468
0.3131,0.0000,214.0043
0.1713,0.0000,214.4832
0.1577,0.0000,214.9074
0.3831,0.0000,215.2256
0.4763,0.0000,215.5226
0.3936,0.0000,215.9514
0.2437,0.0000,216.4504
0.0988,0.0000,216.9246
0.0789,0.0000,217.3427
0.2863,0.0000,217.7050
0.4911,0.0000,217.9914
0.4748,0.0000,218.3736
0.3031,0.0000,218.8648
0.1099,0.0000,219.3535
0.0361,0.0000,219.7884
0.1779,0.0000,220.1468
0.4164,0.0000,220.4310
0.3782,0.0000,220.8439
0.1725,0.0000,221.3462
0.0320,0.0000,221.7923
0.1421,0.0000,222.1719
0.4408,0.0000,222.4227
0.4516,0.0000,222.8021
0.2475,0.0000,223.3348
0.0647,0.0000,223.7998
0.1099,0.0000,224.1991
0.3962,0.0000,224.4946
0.5633,0.0000,224.7718
0.5100,0.0000,225.2241
0.3352,0.0000,225.7474
0.1363,0.0000,226.2213
0.0153,0.0000,226.6444
0.0018,0.0000,227.0496
0.2337,0.0000,227.3737
0.4191,0.0000,227.6622
0.3384,0.0000,228.1294
0.1578,0.0000,228.6146
0.0328,0.0000,229.0538
-0.0166,0.0000,229.4679
0.0769,0.0000,229.8575
0.3562,0.0000,230.1359
0.4430,0.0000,230.4587
0.2535,0.0000,230.9727
0.0544,0.0000,231.4520
0.0058,0.0000,231.8908
0.1218,0.0000,232.3119
0.2980,0.0000,232.6832
0.4462,0.0000,233.0192
0.5100,0.0000,233.3663
0.5009,0.0000,233.7471
0.4539,0.0000,234.1641
0.4035,0.0000,234.5908
0.3486,0.0000,235.0259
0.3065,0.0000,235.4575
0.2621,0.0000,235.8853
0.2123,0.0000,236.3134
0.1556,0.0000,236.7400
0.1118,0.0000,237.1745
0.0795,0.0000,237.5894
0.0571,0.0000,237.9979
0.0381,0.0000,238.4037
0.0338,0.0000,238.8040
0.0767,0.0000,239.1984
0.1564,0.0000,239.5872
0.2430,0.0000,239.9682
0.2990,0.0000,240.3450
0.3295,0.0000,240.7281
0.3345,0.0000,241.1339
0.3370,0.0000,241.5330
